plough, truck, gate, pizzas, push, pail, aunt, payment, wheel, roof, veil, fuel, growth, list, play, beam
1880, 0.001430, 0, 1, a70, wind, N, 0, -0.374037, 1, 1, 1, 2, 11, -745.072021, 1521356458
8, 0.000000, 36357, 0, 4db, arithmetic, p, 0, 46.548397, 0, 1, 1, 102, 4, -1.573730, 15757471
255, -0.000022, 1861, 1, ce0f6, relation, M, 0, 0.375453, 1, 1, 1, 8, 31, 7.483418, 31469997
6915, 0.000001, 68, 0, 16, metal, ^, 1, 7.586696, 1, 0, 0, 9, 0, 0.002541, 57
11, -0.981557, 3117936, 0, 72, neck, L, 0, -0.000837, 0, 1, 1, 94, 1, 0.000469, 147
0, -0.000000, 188524637, 1, 60, deer, N, 0, -0.374037, 0, 0, 1, 2, 19, -0.000080, 937193807
0, -1.255600, 89631895, 1, bb3b17f, reaction, W, 1, -0.000092, 0, 0, 0, 2, 1, -0.000259, 87914990
15077, 0.000162, 2221, 0, 14, fall, o, 1, -0.000000, 1, 1, 0, 215, 214, 2.103676, 14081896
2, 22.093384, 222672, 0, caf, thumb, #, 0, -0.106275, 1, 1, 0, 6, 3, -17.559654, 156455694
126, 0.000467, 1, 1, 3a12, wilderness, x, 1, 0.000000, 0, 0, 1, 1, 56, 331.239227, 6102
0, -0.015134, 1576, 1, 7, honey, :, 0, -21.798306, 0, 0, 1, 14, 0, -26.137875, 299
1181, -0.000004, 3117936, 1, 1fd76c4f, toothpaste, L, 0, -0.000837, 1, 0, 0, 0, 5, 0.000298, 1
3, 0.000000, 14906, 1, 1e1f725d, mice, L, 0, 0.001864, 1, 0, 0, 1, 1, 28.398972, 50045595
444, -0.000001, 14, 1, 1516a, acoustics, u, 1, -0.043042, 0, 1, 0, 10, 39, -0.003857, 257148
30414, -0.000502, 727939483, 0, 6705a0, song, d, 0, -0.000025, 1, 0, 0, 11, 6, 0.002239, 373871
187, -0.000014, 641, 0, 367e, reason, !, 1, 0.000000, 0, 1, 1, 242, 7, 0.079475, 6
40819, 0.000000, 531011121, 0, 550, knee, ^, 1, 0.000005, 0, 1, 1, 0, 5, -0.251343, 2705
2090, 0.000246, 280424, 1, 1f8, cellar, -, 1, -0.000416, 1, 0, 0, 21, 17, 0.000004, 88
21, 0.000000, 10646359, 1, 180, farmer, ~, 0, 2.837644, 1, 1, 0, 0, 6, 0.001667, 12
16569, 0.000001, 183380, 1, 686e7af2, passenger, /, 0, 0.000032, 1, 0, 1, 1, 86, -99.709656, 5
6, 0.000511, 327287, 0, 13eaef8, army, ^, 1, -0.000037, 1, 0, 1, 2, 49, 2414.390869, 42675735
26823, 0.000000, 8177, 0, 0, exchange, Q, 0, -0.000006, 0, 1, 1, 38, 3, 4.319046, 6904
5738, -0.006395, 221, 1, b63, zipper, |, 0, -2.916907, 0, 0, 1, 0, 197, 0.100185, 661509
0, -0.000000, 192962, 1, 60, laugh, s, 0, -0.374037, 0, 1, 1, 2, 19, -0.000080, 380520959
0, -0.000000, 217275, 0, 29, snail, =, 0, 0.010099, 1, 0, 1, 30, 17, -2.520855, 809417
39, 7.140688, 1101, 1, 3888461, bedroom, e, 0, -0.170792, 0, 0, 1, 223, 25, -4.621490, 2320
142, -0.846493, 914732, 1, dc5c1, touch, 8, 0, -0.000012, 1, 0, 1, 1, 11, 0.000759, 10398898
0, -0.000025, 94, 1, 5d22, deer, _, 0, 4.217701, 0, 1, 0, 2, 0, -0.001598, 17947
0, 0.000000, 3152, 0, 2affefa, flock, ], 1, -0.000034, 1, 0, 0, 6, 10, 0.000019, 12
7, 0.060397, 9, 0, 13cc58, volleyball, Y, 0, -0.249186, 0, 0, 0, 39, 5, -160.905685, 424878
0, 0.000237, 215, 1, 1753e8, sand, [, 1, -0.459010, 1, 1, 0, 0, 1, -0.007057, 1357
2952, -0.006579, 1105, 0, 16, women, e, 0, -2.077483, 0, 0, 1, 6, 0, 0.000000, 26
501, -0.026494, 12, 1, 3ca3c, fang, U, 0, -11.761411, 0, 1, 1, 29, 3, -2.365707, 12946448
3824, 1.170935, 935968, 1, 419, knowledge, @, 1, 0.058902, 1, 0, 0, 15, 18, 56.406906, 35566434
13, -0.000000, 14, 0, 0, middle, t, 1, 0.001545, 0, 0, 0, 146, 24, 1.313618, 380
158, -0.000000, 58656, 0, 15934, baseball, O, 1, -0.000000, 0, 1, 1, 2, 125, 0.000446, 81827753
733, -0.000076, 20560, 0, 6, daughter, a, 1, -7.874025, 1, 0, 0, 37, 11, 0.000004, 1753410
430, 0.000001, 20874, 0, 363fcba, hair, W, 1, -0.001897, 1, 0, 1, 14, 56, 0.017784, 91
114, 0.000001, 12, 0, 24f55, alarm, e, 0, 0.000068, 1, 1, 0, 11, 0, 0.093258, 29234140
280, 0.030659, 15334275, 1, 5, morning, 0, 1, -5.974451, 0, 1, 1, 7, 6, -0.000900, 7977117
217, 0.000000, 2, 1, f4e7, sheet, h, 1, -0.112021, 1, 1, 1, 57, 21, -4.993237, 6233
146, 0.011435, 159, 1, 30, pear, 1, 0, 0.000204, 1, 1, 0, 3, 101, -21.862823, 12
11759, -0.000264, 6408, 0, 57d3, hospital, J, 1, -0.000007, 0, 0, 1, 0, 11, -14.203148, 4
286, -0.000000, 3230, 1, a267, scale, b, 0, -0.004315, 0, 1, 0, 2, 6, -0.003841, 6654509
640, 0.000000, 2728999, 1, 5, chickens, 9, 1, -0.247660, 0, 1, 0, 2, 41, -0.000065, 2
0, 0.000000, 19496062, 1, 53904, question, 3, 1, -0.374037, 0, 0, 1, 7, 12, 0.001945, 0
228, 0.000000, 4032702, 1, 4fc, burst, J, 1, 0.105289, 1, 1, 0, 11, 2, -0.000004, 160414
1555, 0.000000, 6, 1, c6, goat, U, 0, -0.000000, 0, 1, 0, 126, 90, 273.849396, 3170
441, -7.887136, 364483525, 0, 1f2e, locket, 0, 0, -0.000088, 1, 0, 1, 3, 8, -0.001476, 246894
243, 0.000000, 124732, 1, 128ec0, support, G, 1, 0.395701, 0, 0, 1, 43, 5, -0.000366, 999207744
2, -0.014836, 6173587, 1, 77, spoon, P, 1, 2.837644, 1, 0, 1, 0, 6, 0.001667, 112341938
3612, 0.000014, 27, 0, 1ab2f0, cent, X, 0, 0.000008, 0, 0, 1, 0, 0, 0.038441, 1012947059
1, -0.000000, 6, 0, 4dd88, nose, R, 1, 21.148853, 1, 0, 1, 20, 21, 171.148331, 1
24, -0.000000, 1227948, 0, 1722, brothers, p, 1, -0.000075, 1, 0, 1, 3, 18, -0.000004, 51857083
126, 14.575051, 1740801, 0, 1b, governor, B, 0, -0.021281, 1, 1, 1, 2, 18, 0.000008, 35123
15206, 0.000000, 611, 1, 9a, scarecrow, ~, 1, 0.711637, 0, 1, 1, 145, 15, -0.217705, 1794191
3843, -0.000017, 89142, 1, 1bb366e, cough, ], 0, 0.000008, 0, 1, 0, 7, 0, 0.000027, 324068921
55, 0.000004, 112943, 0, 19c7, place, R, 1, -0.000004, 1, 0, 0, 6, 1, -1841.479492, 632626
68, 0.055207, 160580, 0, 198, meeting, b, 0, -0.110960, 0, 0, 1, 1, 104, 0.008419, 47503
2, -0.000000, 213, 1, 2f16545f, hose, T, 0, 0.000000, 0, 1, 1, 11, 223, 1.925190, 132615503
15744, 1.000000, 93399, 0, bd826c, harmony, @, 0, -0.000013, 1, 0, 0, 1, 0, 0.033978, 59944924
3, -0.007318, 77201110, 0, 24, songs, /, 1, 0.638469, 0, 1, 1, 10, 205, 0.001766, 103
826, -0.000000, 14, 0, 0, suggestion, b, 1, 0.020197, 1, 0, 0, 113, 0, 0.000118, 100
23, -2.319757, 50, 0, 78d9, north, !, 1, -0.007646, 1, 1, 0, 23, 29, 0.000504, 405019
9, 0.014944, 61, 1, 67d3f0, writer, P, 1, 0.012740, 1, 1, 0, 1, 3, 1377.245850, 728145
4837, -0.000025, 2373672, 0, 1, egg, g, 1, -0.000000, 1, 0, 0, 0, 201, 457.085968, 23823
3542, 0.000317, 6, 1, c, stream, t, 1, 0.000375, 1, 1, 0, 118, 5, 0.018391, 8
13831, -0.001619, 404, 0, 0, brake, ., 0, 0.000011, 0, 0, 1, 0, 11, -24.605408, 483650869
1688, -0.002022, 8501943, 0, 2920089, aftermath, a, 0, -0.177060, 0, 0, 0, 1, 2, 0.058987, 829076
14, -0.000000, 1, 1, 2, paint, M, 1, 12.297873, 1, 0, 0, 0, 0, 0.195866, 3234
267, -0.489112, 439996470, 1, b3, disgust, k, 0, -27.937719, 0, 0, 0, 1, 28, -0.000008, 1067816
13, -0.008814, 115371, 0, 14, chess, V, 1, -1.321898, 0, 0, 1, 3, 0, 0.005569, 29458701
23798, 0.003259, 519619739, 1, 13a1, can, %, 0, 19.071707, 1, 0, 0, 0, 30, -0.496738, 1
13488, 1.876024, 389526, 1, 3cf4201, flame, ], 0, -0.000009, 0, 1, 0, 1, 0, -748.891479, 78813702
330, 0.060256, 1435252, 1, 1c3cd, glove, ;, 0, -0.000002, 0, 1, 0, 26, 15, 0.000046, 138586
2, -0.014836, 1075211, 0, 0, spoon, A, 0, 2.837644, 1, 1, 1, 1, 2, 250.416382, 8
3, 0.000033, 3198, 0, 252, boy, T, 1, -0.000003, 0, 1, 1, 21, 2, 0.000000, 29956153
0, -0.008542, 0, 0, 2, governor, <, 1, 0.000488, 0, 1, 0, 17, 10, -0.000004, 567424
180, 6.412601, 22706, 1, 458cc1, vacation, Q, 0, -0.559323, 1, 0, 1, 80, 28, 25.444756, 255861904
1, 3.145414, 641, 0, 27cb, surprise, X, 0, 0.000046, 0, 0, 0, 13, 221, -0.176659, 15586680
459, -0.000109, 7812871, 1, 3, act, a, 1, -0.000012, 1, 1, 0, 1, 1, -0.048630, 251
3340, -0.000089, 2013201636, 0, 4, seed, z, 0, 0.000194, 1, 1, 0, 20, 2, 25.747623, 18
126, -0.000002, 560561811, 1, 0, cow, !, 0, 0.000000, 0, 0, 0, 1, 55, 331.239227, 29480299
12672, -0.004924, 318, 1, 0, scene, 1, 1, 0.000053, 0, 1, 1, 59, 66, -0.003788, 3
40324, -0.000079, 76, 0, acf, chair, 9, 0, -0.003260, 1, 0, 1, 255, 4, 0.001820, 58644
38, -0.000000, 6741248, 1, aa, force, 1, 1, -0.000001, 1, 1, 0, 3, 41, -0.023098, 3
2, -0.014836, 839, 1, f37a, farmer, c, 1, 2.837644, 1, 0, 0, 0, 6, 0.001667, 1407
142, -0.010992, 137310763, 0, b7, amusement, I, 1, -0.000000, 1, 1, 1, 19, 23, -45.208786, 8
521, -0.005827, 2723, 1, 85a616, walk, (, 1, 0.000027, 1, 0, 0, 2, 81, -2274.599121, 934506
50124, 15.989379, 80389140, 0, 0, middle, k, 0, -0.000115, 1, 1, 0, 52, 0, 0.000080, 1696
31816, -29.931868, 3519, 0, 196, trucks, k, 0, 0.000000, 0, 1, 0, 46, 106, 0.000000, 396
1, 0.000801, 116587, 0, b1e, lip, K, 0, 0.000000, 1, 1, 1, 0, 3, 0.011677, 26
123, 0.020207, 188834, 1, edb24, pollution, u, 0, -0.000000, 1, 1, 1, 30, 108, -93.834351, 43812301
1, -0.000026, 6262, 1, 26d, leg, D, 1, -0.000000, 1, 1, 0, 1, 105, -0.007153, 6471602
18994, -0.000017, 2278071, 1, 13, question, U, 1, -0.260477, 0, 0, 0, 55, 1, 0.001945, 114193
28, 0.000000, 1429, 1, 0, cheese, /, 1, 0.075019, 0, 0, 0, 7, 48, -106.230881, 8362
54846, -0.000035, 3736961, 1, a95094, produce, J, 1, 0.135192, 0, 1, 0, 77, 73, -0.002174, 103188178
15, -0.921200, 104512893, 1, 8e, baseball, *, 0, 0.000002, 0, 1, 1, 170, 1, 4.674881, 19
6, -0.962377, 19178841, 1, 1b8c7, jellyfish, 0, 0, 0.000000, 1, 0, 1, 150, 38, 0.429176, 465114
11791, 0.013957, 1824, 0, 3ac1c8, shame, P, 1, -0.000000, 0, 0, 1, 49, 0, 0.000053, 3
32746, -0.001212, 15795, 1, 2650fe7, joke, @, 0, -0.000027, 0, 0, 0, 13, 5, -223.690140, 1
4852, 0.000276, 967758631, 0, 76fb0, linen, @, 0, 0.000000, 0, 0, 0, 3, 0, 0.000217, 31142182
2, -0.000002, 1, 0, f, quarter, M, 0, -0.000154, 0, 0, 1, 3, 14, -0.033302, 1797
14837, 0.000000, 54, 0, 1213, poison, b, 0, -0.000053, 1, 0, 0, 0, 3, -0.000008, 2756077
181, -0.000002, 0, 1, 17fc1, oranges, ., 0, -0.000000, 0, 0, 0, 1, 1, 0.010540, 825
397, 0.000000, 20568966, 1, 3442273, liquid, z, 0, -0.000003, 0, 1, 0, 0, 3, -0.002388, 14251253
157, 0.000000, 107, 0, ef, time, o, 0, -0.000112, 1, 0, 0, 1, 3, 628.172852, 1371
132, -0.000537, 1051505722, 0, 7f76f2b2, airplane, U, 0, 0.000310, 1, 0, 1, 0, 1, 200.697586, 64798009
4, -0.000006, 0, 0, a4c8, existence, r, 1, -0.000000, 1, 0, 0, 239, 1, -0.000591, 0
13080, 0.000373, 28737, 0, ea29d, mist, p, 1, -2.574227, 1, 1, 0, 54, 31, 0.000011, 523217040
120, -0.319629, 0, 1, 6998, butter, A, 1, 0.000079, 0, 0, 0, 0, 25, -0.000031, 54
252, 0.031005, 4281457, 0, 40160bb0, earthquake, D, 1, 29.187950, 1, 1, 0, 8, 4, -0.006126, 21494
8327, -0.002008, 1492, 0, 71, meal, K, 1, 0.000000, 1, 1, 1, 4, 4, 0.376942, 709
222, 0.027831, 1357501, 1, 62adb7, fear, u, 1, -0.000017, 0, 1, 1, 43, 112, -160.535324, 8
1968, 0.000004, 11, 1, 41084, basketball, 5, 0, -0.003907, 0, 0, 0, 168, 3, 0.000103, 1209
12, 0.000000, 1394, 0, 1a33d4, rate, #, 0, 0.000457, 1, 1, 0, 84, 1, 3.271538, 197508
15543, 0.851086, 3735, 1, 10dcd, salt, -, 1, -9.145741, 0, 1, 0, 85, 25, -19.334644, 86412817
2686, -1.010191, 63, 1, f3, airport, X, 0, 14.822476, 1, 0, 1, 13, 78, 29.550793, 184
1209, 0.000013, 48339, 0, ed808, marble, c, 1, 0.001128, 0, 0, 0, 13, 1, -0.742863, 2006983
4, 0.027831, 1357501, 1, b943, window, #, 1, -0.000017, 0, 1, 1, 43, 0, -160.535324, 3260418
4724, -5.008511, 55947341, 1, ce1, afternoon, L, 0, -0.000013, 0, 1, 1, 4, 0, -0.225018, 19
5264, 0.000008, 20884716, 1, 31816, cloud, Y, 1, 0.000000, 0, 1, 0, 20, 6, -0.000004, 28777
24, 0.551787, 0, 1, e23b3e, spy, k, 1, -0.000115, 1, 0, 1, 0, 0, -0.174591, 0
1, 0.000011, 5838, 0, 5eacca, pocket, t, 1, -0.000001, 1, 0, 1, 2, 105, 0.030689, 975
243, 0.000000, 7415316, 0, 3cb8, net, G, 1, 0.395701, 0, 0, 1, 43, 5, -0.000366, 999207744
11765, -0.000879, 174909, 1, 3f4126, anger, q, 0, 0.008023, 0, 1, 1, 0, 10, -0.861115, 13
1, 0.001549, 1, 1, 4, brush, K, 1, 1.000000, 1, 1, 1, 2, 105, -0.000172, 60783
46, 0.001215, 507, 0, be6e3, plane, }, 0, 0.670412, 0, 1, 0, 5, 35, 0.000019, 1321817
476, 1.130205, 14, 0, 1343a, hole, H, 0, -0.812887, 0, 1, 1, 7, 59, -15.943329, 1
855, -0.000004, 58, 0, 93e, tent, /, 0, 0.638469, 1, 0, 1, 23, 0, -0.543697, 70
41, 0.000001, 13, 1, 0, mass, <, 0, 0.003865, 1, 1, 1, 1, 3, 0.001099, 9360571
3707, -0.687937, 80913, 1, 6cb31e, snake, 8, 1, -0.000000, 1, 1, 0, 41, 38, 3729.807861, 288
4, -0.000862, 821840095, 1, 34d, leaf, }, 1, 9.993544, 0, 0, 1, 208, 3, -0.005962, 808017
23, -2.319757, 129038600, 0, 78d9, space, d, 0, -0.007646, 1, 1, 0, 23, 29, 0.000504, 1122413411
0, 4.471290, 145961193, 1, d4e, bucket, X, 0, -12.629051, 0, 1, 1, 3, 28, 0.000053, 25061
7, -0.000003, 6, 1, 48fb9b2, horse, N, 0, -0.000003, 0, 1, 0, 1, 14, 532.385376, 179027189
3340, -0.000003, 4476, 1, 1d, pot, h, 0, 0.000194, 1, 1, 0, 109, 48, 25.747623, 11
253, 0.000000, 520592, 0, 1285b41, cow, W, 1, 0.000000, 0, 1, 0, 0, 1, -0.000019, 18
90, 0.000064, 398549, 1, 1f, cave, n, 1, -0.000096, 1, 1, 0, 56, 0, 0.946960, 188027299
12, -0.000001, 6132592, 1, 20a3, clocks, Y, 1, -0.000000, 1, 0, 1, 17, 1, 457.085968, 24865753
1574, -0.000000, 404, 1, 634b, step, #, 0, -0.000001, 1, 0, 1, 2, 49, 0.030689, 394604362
7, -0.001631, 4160855, 0, 1c, judge, r, 0, 0.000000, 1, 0, 1, 6, 18, 6.307922, 932
25375, 0.004224, 3, 0, 58a, wrench, }, 0, -0.081506, 0, 0, 1, 7, 2, -1276.445190, 970400
0, -0.000001, 3726, 0, 18a, mask, W, 0, 0.000003, 1, 1, 1, 25, 0, -0.000202, 667539
8, -0.000000, 1083, 0, 1e85, humor, 1, 1, -0.058325, 0, 0, 0, 64, 2, -0.008129, 2
1021, -0.000010, 38224, 0, 39a, building, =, 0, -0.000000, 0, 0, 0, 8, 5, -0.105965, 197253
1065, -0.817717, 4149168, 1, 80df9, button, 5, 1, 8.752841, 0, 1, 1, 78, 18, -0.038494, 13337671
18, 0.000074, 50512, 0, ff79, exchange, T, 1, 0.000000, 0, 1, 1, 15, 0, -1000.428223, 1004456
10207, 0.007140, 68999828, 0, 25b1, cherries, W, 0, 0.000000, 1, 1, 1, 3, 4, -0.000103, 683
2, 0.017882, 1, 0, 45d, river, Q, 0, -0.040172, 0, 1, 0, 23, 30, -0.000004, 3029
897, -0.000000, 1254864, 1, 23787, sidewalk, *, 1, 0.000213, 0, 0, 1, 1, 5, 0.001389, 3845
1890, 0.001430, 188524637, 0, 3a, wind, N, 1, -0.374037, 0, 0, 1, 2, 11, -0.000080, 2
0, -0.000031, 11, 0, 61b2, carpenter, D, 0, 1.710716, 1, 0, 1, 62, 1, 926.605042, 12
3322, -0.000000, 151496, 0, 5291, show, s, 0, 0.000116, 0, 1, 0, 7, 7, 100.512070, 182240750
191, -0.000948, 126, 1, 2, grass, C, 1, 0.017801, 1, 0, 0, 8, 57, 6.744251, 119
12, 0.000014, 925, 1, e9, chalk, ~, 0, 0.000009, 0, 0, 1, 6, 93, 0.000000, 10172
13, 0.000000, 38115, 1, 3, jam, 4, 1, -0.000000, 1, 0, 1, 1, 0, 0.000065, 21
1, -0.000001, 14, 1, d, chin, R, 1, -4.618258, 1, 0, 1, 3, 3, 22.105610, 52239
8, 0.000002, 1825380310, 0, 1022c0ac, haircut, k, 1, 0.003478, 0, 1, 0, 3, 8, -427.000061, 2
1, 0.117526, 450263649, 1, 3fc, trail, %, 0, -0.926218, 0, 1, 0, 64, 167, -7.671383, 1232718216
13, 0.000007, 13, 1, 0, believe, o, 1, 0.002777, 1, 0, 1, 1, 46, -58.760246, 268
18943, 0.000000, 692199307, 1, 3fe84, scissors, z, 0, 0.010813, 0, 0, 0, 27, 63, -0.000004, 250052465
2, -0.000000, 127542, 0, 570, screw, }, 1, -3.983517, 1, 0, 0, 52, 13, -65.607079, 218542
8066, 0.024975, 361946197, 1, 13, death, p, 0, 6.618994, 1, 1, 0, 2, 12, -2.272388, 15
277, 0.045163, 1173, 1, 96b518, smoke, ^, 1, 0.000000, 0, 0, 1, 0, 15, -0.601730, 2054104739
4046, 0.013957, 1063331057, 0, 6d, process, 8, 0, -0.000000, 1, 1, 1, 18, 22, 0.000053, 3
2, 0.000000, 7715797, 0, 8253, vest, L, 0, 0.000076, 1, 1, 0, 8, 1, -0.000004, 63193779
441, -0.000045, 2075, 1, e8a9d, men, N, 0, -0.000115, 1, 0, 1, 0, 22, -0.174591, 27
2, 0.000703, 954238, 0, 17d2a8d, humor, &, 1, 0.000004, 1, 0, 0, 0, 0, -0.000984, 25320045
3, -3.028466, 839306, 1, 14, square, #, 0, -0.000000, 1, 0, 0, 215, 0, 0.050606, 8417758
643, 0.055209, 44570, 1, 24a457b8, hospital, J, 0, -0.000006, 0, 0, 1, 31, 1, -14.203148, 4
15950, -0.009322, 34793, 0, 212e5b11, jar, ~, 0, -0.000000, 0, 0, 0, 33, 0, 0.029636, 267461668
2243, 0.000001, 36, 1, 1f, birthday, 8, 0, 0.002777, 0, 0, 1, 9, 86, -58.760246, 10
3707, -0.687937, 80913, 0, 2c5c, snake, 8, 1, -0.000000, 1, 1, 0, 41, 38, 3729.807861, 288
25375, 0.004224, 3, 0, 58a, tail, }, 0, -0.081506, 0, 0, 1, 7, 2, -1276.445190, 135287609
13488, 1.876024, 389526, 1, 7edd, dinner, t, 0, -0.000009, 0, 0, 0, 0, 0, -0.000263, 7399476
34648, 0.262162, 85115218, 0, 7527, birth, ~, 0, -0.000004, 0, 0, 1, 0, 24, 3193.181885, 0
909, 0.000000, 65298, 1, 383d, tree, V, 1, -0.001729, 1, 0, 0, 163, 33, 0.001144, 64
0, -0.000041, 198, 1, a54, faucet, ~, 1, 0.089543, 1, 1, 1, 40, 2, -610.959717, 588
905, -24.785723, 33, 0, 1e, station, [, 0, 0.010099, 0, 0, 0, 3, 7, 21.565994, 128446641
25, -0.000017, 2278071, 1, 17daafa, toad, U, 0, -0.260477, 0, 1, 0, 55, 0, -0.000004, 114193
0, 0.000000, 156755031, 1, be500, needle, C, 0, 0.000000, 0, 1, 1, 63, 2, -0.000256, 11
69, -0.000036, 37490782, 1, 284a94e3, shade, D, 1, 0.000000, 1, 1, 1, 1, 13, -0.008057, 0
439, -0.000009, 490, 1, 0, bikes, &, 1, 0.000001, 1, 1, 1, 1, 1, 0.000118, 14482135
1, 0.001509, 94333216, 0, 1c, sky, W, 0, -0.000000, 0, 1, 1, 24, 0, 0.000004, 5
15772, -0.482145, 9155, 1, 447, dogs, !, 0, -0.074944, 0, 1, 1, 30, 5, 0.001106, 0
34, -0.024510, 839479, 0, d5, discussion, $, 1, 0.000000, 1, 1, 0, 7, 40, 0.038639, 4075324
6, -0.028751, 0, 1, d52c615, loaf, q, 1, -0.000018, 0, 1, 1, 0, 0, -0.046513, 60053221
19915, -0.000013, 3812, 1, 17f3, brake, e, 0, -0.453892, 1, 1, 1, 7, 1, 0.000031, 49143
26, 0.974643, 192994998, 1, 2, doll, j, 1, 0.001078, 0, 0, 1, 221, 222, 0.018974, 3
15772, -2.216856, 2564, 1, 447, dogs, r, 0, -0.074944, 0, 0, 1, 30, 8, 0.001106, 0
3, 0.124628, 8, 0, e, lace, @, 0, -0.025940, 1, 0, 0, 19, 36, 0.055664, 699553
431, 0.000008, 0, 0, 1, jam, 2, 0, -3.815810, 1, 0, 1, 0, 1, 0.000000, 112753705
28201, 0.213927, 55, 0, 7, station, D, 0, 0.000000, 0, 1, 1, 52, 50, -0.001762, 545
1, 2.644178, 1, 0, 20757, soap, 2, 0, 0.000000, 0, 1, 0, 213, 1, 0.011677, 3654922
0, 0.000000, 14969591, 1, 68d90, group, C, 0, 1.460445, 0, 0, 1, 0, 7, -0.000565, 13
517, -0.362517, 883839, 0, 39, wave, :, 1, -61.643055, 1, 1, 0, 3, 0, 1789.728027, 288
1, -0.000002, 32007724, 0, 3, paper, f, 0, -0.000204, 0, 0, 1, 224, 22, -0.442074, 3508
431, -0.006395, 0, 0, 0, lace, 2, 0, -2.916907, 1, 0, 0, 1, 197, -13.291386, 90
61, -0.000002, 130407690, 1, 88cbe, tail, U, 1, -0.080660, 1, 1, 1, 6, 1, 0.056232, 30297
17, -0.000001, 9491, 1, 2, ring, 4, 1, 0.125622, 1, 1, 1, 1, 59, -78.027161, 401453
8327, -0.000004, 1492, 0, 4a04e, death, K, 1, 0.000000, 1, 1, 1, 4, 1, 0.376942, 244
10, -0.006395, 23, 0, 6, lace, v, 0, -2.916907, 0, 1, 1, 7, 197, -13.291386, 661509
446, 0.000008, 33, 1, 1f63f7e, camp, t, 1, 0.864864, 0, 1, 1, 1, 71, -1.808571, 58005191
4673, -0.622940, 134404197, 0, 14754ec, lettuce, s, 0, -0.051378, 1, 1, 1, 65, 0, -0.000004, 1354383377
1611, -0.000003, 18, 1, b17f9, dime, R, 0, -0.013138, 0, 1, 0, 5, 8, -0.000011, 231422749
18, 0.196449, 15, 1, 4a98d, middle, m, 0, -0.010803, 1, 1, 0, 30, 18, 108.031342, 0
8, 0.000029, 11838494, 0, 18c88, debt, P, 1, 0.000000, 1, 0, 1, 10, 1, 0.038403, 7
0, 0.415587, 240631660, 0, 22482, clam, S, 0, -12.221275, 0, 1, 0, 10, 6, -0.000050, 379055
124, 0.000043, 20008, 0, 6bdef, pancake, Z, 1, -0.000000, 1, 1, 1, 30, 246, -0.000004, 7129
2096, -0.006022, 31494, 0, 7b187eb, dust, p, 0, -0.000004, 1, 0, 0, 199, 119, -31.577240, 69384
475, -0.000017, 10040, 0, 1e, flowers, E, 1, 0.000038, 0, 0, 1, 1, 2, 0.000587, 335677414
34, -0.024510, 182, 1, 5623472, discussion, F, 1, 0.000000, 1, 1, 0, 7, 114, 0.038639, 151
1, -3.690276, 1785, 0, 1, baseball, 0, 0, -0.036735, 0, 1, 1, 19, 13, -10.512745, 47
1, -16.796965, 77585, 1, 3b21c48, night, ., 1, -1.575094, 1, 0, 0, 9, 28, 0.045822, 512
3, 0.000000, 204, 0, 17ed, cow, -, 0, -0.001409, 0, 1, 1, 94, 0, 0.000469, 61743251
13, 11.455198, 2, 0, 893, pipe, (, 0, -49.240192, 0, 0, 1, 60, 18, -0.777115, 134938
1819, 0.001952, 2163476, 0, 345f34, army, ?, 1, -0.211069, 1, 1, 0, 95, 42, 0.000137, 7776
1045, -0.000006, 22864425, 0, 24, shape, F, 1, 0.000061, 0, 1, 1, 32, 8, 0.249702, 3
176, 0.000002, 4564, 0, 345f34, form, ?, 1, -0.211069, 1, 1, 0, 95, 42, 0.000137, 7776
13, 0.000012, 63279, 1, c1fbd1, joke, P, 1, 0.000000, 0, 1, 1, 41, 54, -0.000019, 18
26, -0.093917, 0, 0, 1ab1e86, desk, k, 1, 0.001078, 0, 0, 0, 221, 4, 0.018974, 0
13569, -1.540605, 9, 1, 51a605, crowd, 5, 1, 0.000415, 0, 0, 0, 79, 238, -703.126709, 43250
3793, 0.000000, 19356, 1, 642d2, language, %, 0, 19.071707, 1, 0, 0, 3, 7, -0.496738, 1
444, -0.000001, 18328, 1, 1edd90, acoustics, u, 1, -0.043042, 0, 1, 0, 10, 39, -0.003857, 257148
0, -0.000000, 35725, 1, 6, clover, ;, 0, 0.000010, 1, 0, 0, 12, 207, -0.480022, 1273112
640, -0.009888, 15, 1, 5, trousers, 9, 1, -0.247660, 0, 1, 0, 2, 1, -0.000065, 2030358769
31663, 0.000000, 3389, 1, 13, crate, l, 0, -0.000014, 1, 1, 1, 42, 246, -0.004181, 96861
49, 0.000000, 83, 1, f91cf7, shoe, r, 0, -0.023107, 1, 1, 1, 236, 0, 0.014050, 130092
446, 0.000008, 33, 0, a35d7, chicken, t, 1, 0.864864, 1, 0, 1, 7, 71, 0.456211, 281
6, -0.000000, 90194076, 1, 8a, leaf, B, 1, 0.004594, 1, 1, 1, 1, 208, -0.000034, 7
6, 0.025499, 25, 0, 32bdb64, sisters, -, 0, 2.458422, 0, 0, 0, 1, 0, 113.499039, 528492808
83, 0.000000, 171963701, 0, 2d5376, basketball, g, 1, 0.000000, 1, 0, 1, 12, 57, 437.797272, 5257
2, -0.000000, 73625605, 1, eb910e5, car, :, 1, 0.000025, 0, 1, 0, 7, 0, 459.080566, 922
303, 0.025859, 0, 0, 6ac16, paint, D, 1, 8.746199, 1, 1, 1, 4, 0, 0.771587, 101396
127, 0.000001, 2942, 1, d, men, H, 0, 0.743862, 0, 0, 0, 39, 2, 0.152977, 16543691
2051, 0.000000, 7212, 1, 2, winter, K, 1, 0.000000, 1, 0, 0, 17, 1, -5.908413, 82704
2, -0.026695, 8100068, 0, 1, test, m, 1, 0.000000, 0, 1, 1, 48, 2, 0.000015, 459548893
6788, 0.000000, 0, 1, 2e, tray, Q, 1, -21.783819, 1, 1, 0, 1, 15, 7.536613, 711
17, -0.000169, 932294135, 0, 16, wire, f, 1, 0.125622, 1, 0, 1, 1, 1, -78.027161, 401453
6335, -0.076843, 28494852, 0, 1cd4, harbor, =, 1, 0.000001, 0, 1, 1, 60, 0, -0.028431, 21
18, 0.047377, 887936878, 1, 1bd6645a, ring, e, 0, 0.000124, 0, 1, 0, 111, 0, -1450.684448, 293263280
6091, -0.000104, 3688217, 0, 16e, head, w, 1, 0.000002, 0, 0, 0, 28, 13, 0.002644, 129
259, -0.000041, 75, 1, d, orange, h, 0, 1.961337, 0, 1, 1, 0, 1, 0.752781, 95634
0, -0.110416, 9846221, 0, d0a2e5, baseball, e, 0, -0.036735, 1, 1, 0, 42, 21, -10.512745, 949725
1, -0.000034, 6, 0, 121, belief, (, 1, -0.000718, 0, 0, 0, 27, 9, -0.000004, 3847
13, 0.000000, 727939483, 0, 6705a0, song, =, 1, -0.000025, 1, 0, 0, 119, 10, -1.227283, 373871
8, 0.063124, 654, 1, 66, music, }, 0, 0.000048, 0, 1, 1, 5, 8, 1457.141479, 54702721
10, -0.000107, 22389, 1, a087e6e, help, <, 1, 0.000008, 1, 1, 1, 0, 249, 1455.065430, 4787394
32389, 0.244672, 106, 0, 52f0f1, respect, u, 1, 0.046385, 1, 0, 1, 57, 5, -0.088490, 218619
6, -0.000005, 5, 1, a62c14, marble, 4, 0, 0.000001, 1, 0, 1, 0, 4, -0.001610, 13
1, -0.000021, 2562224, 0, 27, match, u, 1, 0.000215, 0, 0, 0, 21, 80, -0.000015, 691769
21771, 2.044206, 22, 1, 4, impulse, C, 0, 0.000059, 0, 0, 1, 174, 1, -59.354496, 1429
13, -0.000003, 3, 1, 59f07d, thrill, r, 0, 0.000000, 0, 1, 1, 9, 3, -27.942455, 39502219
164, 0.046125, 125, 0, 6611, cattle, 3, 1, -0.000000, 0, 0, 0, 1, 4, 0.000149, 6670153
11, -0.000005, 0, 1, 26c65, rail, [, 1, -0.000018, 0, 0, 1, 0, 62, 163.473145, 941016621
219, 0.005458, 10314, 1, 7c27, book, /, 0, -0.000000, 1, 1, 0, 0, 15, 0.000027, 2793410
1, -2.216856, 8964183, 0, 230, ghost, -, 1, -0.078533, 0, 1, 1, 1, 154, 0.000008, 458978
126, 0.000000, 11900, 0, 4, ice, |, 0, 0.000000, 0, 0, 1, 1, 66, 331.239227, 1253
2748, -0.000000, 35, 0, 148dde9b, fang, c, 0, -0.187019, 0, 0, 1, 2, 254, -2.006802, 12
0, -0.000003, 368305, 0, 6f, car, _, 1, -0.000008, 1, 1, 0, 4, 118, 1502.734497, 6159
4, 0.000819, 2040, 1, 218d8a, credit, 4, 1, -55.150806, 0, 1, 1, 70, 0, 0.000546, 812171
1, -0.124429, 23, 0, 1, joke, ~, 1, -0.000027, 0, 1, 0, 101, 1, -3.415989, 2
13831, -0.001619, 139087, 1, e1, station, {, 0, 0.000011, 0, 0, 0, 0, 235, -24.605408, 125291387
15771, 0.000006, 697017, 1, 108, day, e, 0, 7.608869, 0, 0, 1, 2, 254, 1418.750366, 57247445
1, 0.593253, 7493156, 0, 19, toad, O, 0, 0.000009, 0, 1, 1, 5, 119, -0.000004, 71665147
499, 0.000135, 55947341, 1, 22ed, afternoon, Y, 0, -0.000013, 0, 1, 0, 4, 14, -0.225018, 3472
219, 0.005458, 10314, 1, 2, book, /, 0, -0.000000, 1, 1, 0, 0, 15, 0.000027, 2793410
212, 0.000005, 851684, 1, 0, bun, :, 0, -0.000062, 1, 0, 1, 7, 0, -0.000042, 27989387
26018, 0.000001, 0, 0, 471a, notebook, q, 1, -0.000018, 1, 1, 1, 31, 0, -0.046513, 3023239
7013, 1.440762, 3528585, 0, 38c9fe2b, locket, *, 1, -0.000263, 1, 1, 1, 46, 3, 12.002510, 36909028
2579, 0.000066, 15, 0, 0, hate, [, 0, -0.002676, 1, 1, 0, 1, 77, -0.001617, 105360221
17891, 0.216852, 6507245, 0, bf, experience, i, 1, 0.000001, 0, 0, 1, 15, 0, -0.000004, 47
4, -0.065972, 0, 1, 32, vessel, O, 1, -22.407314, 1, 0, 0, 1, 44, -589.416931, 154
10, -0.000144, 42119043, 0, 1, cow, J, 0, -0.001698, 1, 1, 0, 4, 41, 3.353622, 1805898378
6, 0.086672, 6741248, 1, 3ada9, root, 1, 1, -0.000001, 1, 1, 1, 3, 41, -0.000664, 75
0, 0.000001, 101, 1, 3be, cry, C, 1, -0.000000, 0, 0, 0, 61, 128, -0.000210, 6932
3, -0.002496, 3, 0, 3b97363, smile, ?, 1, -37.716656, 0, 1, 1, 0, 3, 0.127438, 26
1, -0.000928, 1988204, 1, 3cfe3c3, stew, K, 1, -0.000002, 1, 0, 1, 0, 23, 0.874046, 472814631
11181, -0.000017, 800, 0, b8b31, side, Y, 1, 1.858642, 0, 0, 0, 131, 3, 25.201523, 69673719
2686, -1.010191, 3601, 0, 1, learning, X, 0, 14.822476, 1, 0, 1, 13, 22, 29.550793, 184
4, -5.384185, 399575901, 0, 29ee221, glove, I, 0, 0.000002, 1, 0, 1, 1, 0, 0.000000, 31791086
4837, 0.000000, 1, 1, 4, clocks, g, 1, -0.000000, 0, 0, 1, 0, 10, 457.085968, 24865753
14, -0.039369, 3208, 1, 15a7f81, measure, 8, 1, 56.445576, 1, 0, 1, 28, 5, 0.000000, 1300436601
2, 0.000304, 8379, 0, 78, question, d, 1, 25.835733, 1, 0, 1, 1, 4, -0.000046, 2
1611, -0.003432, 15, 1, 3, harbor, R, 0, -0.013138, 0, 0, 1, 68, 44, -0.003269, 231422749
0, 0.000000, 5205, 1, 5e60438, year, }, 0, 0.000000, 1, 1, 1, 105, 100, 0.077076, 214
624, -0.000006, 23, 0, c9, stretch, (, 1, 0.000001, 0, 0, 1, 10, 3, 0.000259, 48093400
8901, -0.000006, 494, 1, 8e52ac, friends, =, 0, 0.000088, 1, 1, 1, 5, 2, -0.014774, 102457442
6915, -0.010511, 0, 0, e03a05d, vacation, 2, 0, 7.586696, 0, 0, 0, 9, 0, 0.002541, 73
44315, 0.000000, 2, 1, a, grain, A, 1, 0.010813, 1, 0, 1, 0, 12, -0.000004, 74
0, -0.000000, 192962, 1, 60, deer, s, 0, -0.374037, 0, 0, 1, 2, 19, -0.000080, 380520959
3062, 0.000005, 326273837, 1, 56f, dog, 2, 0, -0.000000, 1, 0, 0, 143, 2, 0.000130, 6617685
0, -3.633198, 6046805, 0, 16e69, clouds, ^, 1, 0.000019, 0, 0, 1, 5, 11, 7.696266, 14002
1, 0.001549, 1, 1, 4, hair, t, 0, 1.000000, 1, 1, 0, 2, 56, -0.000172, 7469
157, -9.077495, 32520903, 1, 16e, vein, 9, 0, -0.000001, 0, 0, 0, 13, 197, -0.000084, 32326
3461, -0.000021, 117, 0, 1791511, balls, B, 0, -0.000038, 1, 0, 0, 1, 19, 5.918686, 25478563
305, -0.003681, 10079, 0, c6, opinion, |, 1, -0.000000, 1, 0, 0, 0, 1, 0.000137, 0
24, 0.000007, 5386656, 0, ac, exchange, &, 1, -0.000138, 0, 1, 0, 2, 0, -25.852615, 1883232
110, 0.000024, 116, 1, 367cc, kitten, v, 1, 0.008023, 0, 1, 0, 0, 169, -0.861115, 5871019
3, 0.000000, 2, 1, 3, eyes, N, 0, 0.000020, 0, 0, 0, 2, 2, 0.000191, 89169786
666, 0.000000, 314173496, 1, 2762, apparel, r, 1, 0.000005, 1, 0, 1, 23, 18, -0.000004, 4
13661, 0.000000, 1855, 0, 22f, science, Z, 1, 0.000000, 1, 0, 0, 73, 30, 0.000034, 27
13468, -0.000013, 16, 1, dab4, rod, d, 1, -0.000013, 1, 1, 1, 0, 11, -548.279480, 504
8066, -0.000394, 4, 0, 3cdede, jar, c, 1, 6.618994, 1, 1, 0, 2, 12, -2.272388, 15
10, -0.000079, 1582033, 1, 7, chair, 9, 1, -0.003260, 1, 0, 1, 255, 20, 0.001820, 1078814
180, 6.412601, 22706, 1, 235363, thrill, Q, 0, -0.559323, 1, 0, 1, 80, 28, 25.444756, 418463283
8, 0.006944, 1299, 1, 27, end, !, 0, -0.000000, 0, 0, 1, 1, 1, 0.010540, 825
0, 0.214728, 192039, 0, 89e, parcel, j, 1, -0.000000, 1, 0, 0, 11, 3, 0.062782, 9
1249, 0.000267, 24002, 1, 5, cent, w, 0, -0.000000, 0, 1, 1, 3, 0, 967.805298, 596489
813, 0.300146, 2, 0, ee, ants, P, 1, 0.000000, 1, 1, 1, 5, 6, -0.005756, 0
180, 1.365782, 212, 0, 3043, dogs, M, 0, 0.000000, 1, 1, 0, 0, 1, -0.000072, 3
0, -0.406593, 5986131, 0, 145f5f5, disgust, ?, 0, -0.000431, 0, 1, 1, 58, 13, -168.961288, 684537259
934, -1.266417, 199, 0, 2b, statement, 9, 1, 0.000004, 0, 0, 0, 0, 55, 13.217274, 2
2, 0.000000, 7601740, 1, 1, hose, y, 1, 0.000000, 0, 1, 0, 26, 2, 1.925190, 37382
1, 0.000000, 68155, 1, 15, chairs, R, 1, -0.000002, 1, 1, 0, 102, 1, 24.629383, 13150152
12, -0.000000, 16, 0, 852, boy, x, 0, 0.074857, 1, 1, 0, 7, 0, 0.000473, 45248
61, 1.876438, 8177, 0, 1253, swing, e, 1, -0.000006, 0, 0, 1, 0, 102, -1258.727905, 1687874
842, -0.000067, 1269, 0, 2, silver, ?, 1, -1.905279, 0, 0, 1, 22, 14, -4.432472, 27
46, -0.000000, 439996470, 1, 17, berry, %, 0, -27.937719, 1, 1, 0, 1, 28, -0.000008, 31173
5, -0.000003, 7806, 0, 17f65, apples, V, 0, -0.000003, 1, 0, 1, 11, 30, -31.215694, 189621
217, 0.000000, 2, 1, f4e7, things, h, 1, -0.112021, 1, 1, 1, 57, 21, -4.993237, 6233
23, 0.000066, 881420, 1, 43, appliance, j, 0, -0.000074, 0, 0, 1, 11, 16, 24.683277, 6
2, -0.000000, 65, 0, 2f16545f, hose, y, 0, 0.000000, 1, 1, 0, 11, 2, 1.925190, 1179
22772, -8.457736, 0, 1, 65a5de7d, trouble, w, 1, 1.900522, 1, 0, 0, 242, 20, -15.195019, 162816
10924, -0.096703, 167261048, 1, 1f2, bat, g, 1, -0.000000, 0, 0, 0, 20, 1, -0.001465, 313
311, 0.089074, 142, 1, 9, ice, -, 0, 0.090209, 0, 0, 0, 7, 0, 0.000111, 99
0, -0.008542, 164886604, 0, 66514, apples, c, 1, 0.000469, 1, 1, 1, 17, 3, 0.000896, 114
1195, 1.296222, 31, 0, 72353a, sort, H, 1, 0.211858, 0, 0, 1, 14, 3, -75.534576, 324879
60, -0.000062, 1466136, 1, 25d679, reward, B, 0, 42.357887, 1, 0, 1, 8, 1, -0.000065, 156
7, -0.000256, 2318, 0, b16445, humor, q, 1, -0.058325, 0, 1, 1, 35, 2, -0.008129, 630754140
826, -0.000000, 1344, 0, 11, suggestion, b, 1, 0.017801, 1, 0, 0, 8, 57, 6.744251, 119
0, -18.394615, 29377, 0, 858, maid, l, 1, 0.061970, 0, 1, 0, 3, 19, 0.000202, 5531141
132, -0.000002, 30, 0, 9f, brush, U, 1, 0.000310, 1, 0, 1, 0, 1, 200.697586, 73612
91, -0.000000, 11, 0, aa1d701, earth, T, 1, -0.000001, 0, 0, 0, 0, 7, -4.112213, 1
6574, -0.015535, 75202870, 0, 178393, peace, 4, 1, 0.001786, 0, 0, 0, 59, 0, 178.104614, 730087
6, 0.000000, 319, 1, 4de, peace, a, 0, -0.000228, 0, 0, 1, 107, 2, 0.000072, 295663937
158, -0.000000, 58656, 0, 37dc31b, toad, n, 1, -0.000000, 0, 1, 0, 2, 1, 0.000446, 81827753
3388, 0.269092, 740309532, 1, 34, pest, <, 0, 0.000046, 0, 1, 0, 0, 7, -75.711731, 1857
147, -0.000003, 2129, 1, 24, hand, #, 1, -0.017669, 1, 0, 1, 1, 1, -3098.556152, 2
40, 0.006434, 7, 1, 0, train, ;, 0, 1.991559, 0, 1, 0, 1, 0, 0.000027, 6
43530, -0.000000, 30486293, 0, 5, brother, D, 0, 7.355071, 1, 1, 0, 71, 12, 5.941517, 580
0, 0.001279, 2, 0, 97686f, sock, d, 1, -0.000003, 1, 1, 1, 5, 1, -2205.784912, 1580862300
38666, -0.881782, 980914, 0, 0, plants, E, 1, 0.000018, 1, 0, 1, 21, 28, -0.006348, 1917
0, 0.001447, 1, 1, 6, face, _, 0, 59.973019, 0, 1, 1, 2, 30, -2008.896362, 3264
10147, -0.000274, 1581982, 1, 843e, marble, ], 1, 0.000001, 0, 1, 1, 9, 31, -0.000080, 18955
12, -0.000891, 638, 1, 18f, scissors, c, 0, -0.000000, 0, 1, 0, 1, 2, -0.000980, 1010675467
1, -0.211811, 0, 0, 2dd, yard, e, 1, -0.215596, 0, 0, 0, 0, 24, -0.000137, 412215004
125, -0.000000, 19534, 1, 41f8dd3, clam, 0, 1, -0.091989, 1, 1, 0, 1, 13, 0.000114, 61
13114, -0.000007, 0, 0, fb0ca, mountain, 9, 0, 0.009483, 0, 1, 1, 74, 1, 1.361496, 48005
10807, -0.457782, 25, 1, ca1569, apparel, y, 0, 0.045549, 1, 1, 0, 1, 253, 0.459911, 92778
20835, -0.000013, 415520, 1, 218d8a, station, L, 1, -55.150806, 0, 1, 1, 14, 0, 0.000546, 812171
36532, 0.000000, 92755, 0, e8, sneeze, g, 1, 0.000098, 1, 0, 1, 16, 1, -37.349583, 1823950914
126, 14.575051, 779217489, 0, 1b, spiders, ?, 0, -0.021281, 1, 1, 1, 2, 60, 0.000008, 3736
13831, -0.001619, 139087, 1, 1, brake, d, 0, 0.000011, 0, 0, 1, 0, 11, -24.605408, 483650869
252, -0.000000, 4281457, 0, 7, hill, D, 1, 25.835733, 1, 1, 0, 1, 13, -0.006126, 16271802
252, 0.031005, 4281457, 1, 40160bb0, behavior, D, 1, 29.187950, 0, 1, 0, 11, 0, -0.006126, 284461
26, 0.974643, 0, 1, 5, partner, Q, 0, 0.001078, 0, 0, 1, 221, 222, 0.018974, 52
829, -0.000000, 74, 1, 0, stone, P, 0, 7.465608, 0, 0, 0, 14, 1, -0.902832, 437934
177, -0.211059, 110629, 1, 12e9, mailbox, t, 1, -0.000000, 0, 0, 0, 109, 1, -0.228249, 115
430, 0.000000, 17806837, 1, 31a8, throne, g, 0, -0.001897, 1, 0, 1, 14, 56, 0.017784, 91
34, -0.024510, 254, 0, 5cbba, discussion, E, 1, 0.000000, 1, 1, 1, 7, 3, 0.038639, 969
118, -0.000055, 331004, 0, 6, seashore, N, 0, -0.191345, 0, 0, 0, 0, 3, -0.162613, 122
0, -16.796965, 1, 1, 253404, spade, _, 1, -1.575094, 1, 1, 0, 9, 28, 0.001701, 512
18, -5.183698, 29377, 1, cfd2, maid, Y, 1, 0.061970, 0, 1, 1, 3, 13, 0.000202, 5531141
3612, 0.000014, 27, 0, 3d, cent, X, 0, 0.000008, 0, 0, 1, 0, 0, 0.038441, 1012947059
41, -0.000000, 2020298945, 1, 7c0a7f, earthquake, {, 0, 0.000001, 0, 0, 0, 45, 0, 0.000000, 11
38666, -0.881782, 980914, 1, 6512, plants, E, 1, 0.000018, 1, 0, 1, 21, 28, -0.006348, 1917
6, -0.000300, 3038458, 0, 32bdb64, sisters, -, 0, 2.458422, 0, 0, 1, 1, 0, 113.499039, 58270539
8783, -0.000089, 53178185, 1, 1a01f1a, jump, 7, 1, 0.000158, 0, 0, 0, 20, 2, -0.011776, 0
193, 0.173234, 7, 1, 3d, farm, m, 1, -0.000263, 1, 1, 1, 15, 240, 12.002510, 13784112
7934, -0.000000, 244280465, 1, b9066, bed, w, 0, 0.002809, 1, 1, 1, 13, 4, 0.006908, 9878741
968, 0.280776, 6740, 0, 2531b6e, rail, p, 1, -0.000000, 1, 1, 0, 1, 105, -0.007153, 6471602
29598, 11.455198, 2, 1, 39b8db, pipe, (, 1, -49.240192, 1, 0, 0, 0, 1, -0.777115, 85916277
6, -0.000046, 244235001, 1, 11c, fan, &, 0, 0.000005, 1, 1, 1, 14, 0, 0.000008, 242958000
6, -0.000002, 91192, 1, 0, action, ), 1, 1.998986, 1, 1, 0, 82, 1, -103.004547, 106642513
48, -0.034505, 15012245, 0, 2dd, yard, -, 1, -0.215596, 0, 0, 1, 0, 56, -0.000137, 2712
2663, 0.031166, 2, 1, 1bbb7, cushion, &, 1, 0.000032, 1, 0, 1, 31, 1, -99.139435, 5964
1209, 0.000013, 0, 0, 15, lunch, c, 1, 0.001128, 0, 0, 0, 13, 30, -0.742863, 619739
3038, -8.226143, 0, 0, 3a592, owner, b, 0, 60.767578, 0, 0, 0, 178, 2, 0.000771, 56
184, -4.081741, 1358719, 1, 691ede, river, *, 0, -0.000046, 1, 0, 0, 15, 53, -0.023514, 2680852
164, 0.046125, 1, 0, c6, cattle, ?, 1, -0.000000, 0, 0, 1, 1, 4, 0.000149, 258189
40, 0.003012, 7035, 0, bd, harbor, 6, 0, -0.880749, 1, 1, 0, 1, 1, 0.000031, 23710473
5, 0.000012, 0, 1, 2df50, crush, +, 1, -0.000014, 1, 1, 0, 7, 0, -0.004181, 0
5491, -0.106978, 1414536512, 1, 1791511, guide, L, 0, -0.000038, 0, 0, 1, 1, 171, 5.918686, 102760
7934, -0.000079, 244280465, 1, 0, ant, e, 0, 0.002809, 1, 1, 1, 9, 4, 0.006908, 9878741
58, 0.000621, 2153268, 1, 1c4be10, stranger, x, 1, 0.000053, 0, 1, 1, 31, 123, -0.003788, 68
0, -0.000002, 23, 1, 7b4, stop, ), 1, -0.007236, 0, 0, 0, 52, 1, 0.004795, 2846195
110, -0.051640, 116, 1, 1, nail, G, 1, 0.008023, 0, 1, 0, 0, 0, -0.861115, 5871019
0, 0.000000, 61934, 0, 61b2, group, C, 0, 1.710716, 0, 0, 1, 0, 7, 926.605042, 13
87, -0.005411, 123633098, 0, 421b4d, horses, /, 1, -0.000001, 0, 0, 0, 12, 0, -445.155609, 279670722
17439, 0.806492, 10, 0, 320f, yoke, 6, 0, 4.217701, 1, 1, 1, 50, 13, -0.001598, 32209
391, 5.906610, 65078, 0, f, bomb, f, 1, 0.000051, 0, 1, 1, 1, 0, 0.040501, 49732
3, 2.722096, 319, 1, 1d7, neck, A, 0, -0.000228, 0, 1, 0, 107, 9, -0.442074, 295663937
0, -0.000016, 1, 0, 66514, rate, V, 1, 0.000457, 1, 1, 0, 84, 3, 3.271538, 114
290, -0.001355, 269563310, 0, 1, bed, z, 0, 0.000052, 0, 0, 1, 0, 0, -0.000011, 540
14, -0.001752, 115524, 0, c9dd8, low, #, 1, 0.125622, 0, 1, 1, 4, 17, -78.027161, 727
49549, -0.000118, 1842, 1, 0, deer, J, 0, 0.135192, 0, 1, 1, 169, 6, -0.002174, 103188178
255, -0.000022, 1861, 0, 3c7, cows, U, 0, 0.375453, 0, 1, 1, 6, 15, 7.483418, 108159
2, -0.000000, 127542, 1, d370, ink, R, 1, -3.983517, 1, 0, 0, 52, 13, -65.607079, 37
3793, 1.195685, 3878600, 1, 642d2, quill, %, 0, 19.071707, 1, 0, 1, 3, 38, -0.496738, 1646476
13468, -0.000013, 2316136, 1, d1d11, religion, K, 1, -0.000013, 1, 1, 1, 0, 11, -548.279480, 1383
28201, 0.213927, 1, 0, 158, station, D, 0, 0.000000, 0, 1, 0, 52, 50, -0.001762, 545
0, -0.000000, 5, 0, 237980, scissors, /, 1, 0.000113, 0, 0, 1, 54, 93, 1417.304321, 9
2554, 0.000022, 55, 1, 0, animal, A, 0, 2.139678, 1, 1, 0, 0, 63, -89.752403, 124410851
1, -0.526098, 12, 0, 1e3bea, shoes, G, 1, -43.143753, 0, 0, 0, 24, 49, 0.000504, 194
25, -17.601236, 9660877, 1, 127ef95, top, V, 1, 0.420674, 0, 1, 0, 57, 78, 0.001766, 12
100, -0.000000, 486493, 0, 1, food, >, 1, -0.000006, 0, 0, 0, 132, 49, -56.495537, 12
36, 0.000001, 445582, 1, 11ea3097, writing, X, 1, -0.000000, 0, 1, 1, 2, 6, 31.324787, 836
58, 1.211526, 4627, 1, ff, offer, o, 0, -0.000076, 0, 0, 1, 7, 22, -0.000011, 587663319
7, -0.000000, 82, 0, 17d4, smell, b, 1, 0.046385, 1, 0, 0, 57, 0, -0.088490, 6373650
1209, 0.000013, 48339, 0, 15, lunch, c, 1, 0.001128, 0, 0, 0, 13, 1, -0.742863, 12650
1472, 0.008415, 74556011, 1, 4ec34991, top, a, 1, 0.420674, 0, 0, 0, 0, 30, 1656.638672, 294321343
0, -0.002066, 0, 1, 2e3c, bomb, C, 1, -0.677417, 0, 0, 1, 47, 1, 37.953655, 734786154
14, -10.234080, 527, 1, e88f21f, money, :, 0, -0.000004, 1, 1, 1, 243, 1, 1.538204, 5654
3917, 0.000001, 249021825, 1, 85f4e2d, cart, P, 0, 9.514664, 0, 0, 0, 28, 24, -1986.751343, 90126
12, 0.000014, 925, 1, 20, chalk, ~, 0, 0.000009, 0, 0, 1, 6, 93, 0.000000, 10172
3186, 0.036234, 1005759, 0, d9, oranges, I, 0, -0.000228, 0, 1, 0, 107, 213, 0.000072, 112446162
0, 0.000000, 1237100, 0, 68d90, lip, <, 1, 1.460445, 0, 0, 0, 0, 51, -0.000565, 52120685
16125, -0.000031, 45, 0, aae8d, hall, 9, 1, 1.710716, 0, 0, 1, 27, 7, 926.605042, 12
1561, -0.000004, 4976, 1, 1, plate, x, 0, 0.414418, 1, 1, 1, 9, 7, -0.001114, 3457560
53, 0.000157, 800, 1, 1bcb69, house, L, 0, 1.858642, 1, 1, 0, 7, 3, -0.000011, 1653
23, 0.000000, 409086, 1, 16588, baby, C, 1, 0.000217, 0, 1, 1, 3, 51, -14.946198, 21341540
10147, -0.000274, 4102637, 1, 843e, basket, ], 1, 0.000001, 0, 1, 0, 9, 18, -0.000080, 285
1, -0.000472, 206437323, 1, 1d91a, mother, ~, 0, -1.112367, 0, 0, 1, 1, 204, -0.000454, 3237
999, -0.003242, 177, 0, 3cf5467d, bag, n, 0, 0.000256, 1, 1, 0, 16, 0, 0.206940, 227
698, 0.196449, 15, 1, 37e0, vein, k, 0, -0.010803, 0, 0, 0, 66, 13, 0.000481, 1896
0, 3.924890, 25832243, 0, 129a1, crayon, =, 1, -0.000000, 0, 1, 1, 9, 0, -0.000004, 7
1566, 0.034249, 7067258, 0, 0, tomatoes, b, 1, 0.038369, 1, 1, 0, 3, 1, 0.000000, 27133817
1201, 0.000242, 256220, 0, 160, jail, }, 0, -0.000006, 0, 1, 1, 41, 6, -79.964470, 3541865
0, 0.000001, 16335, 1, 7249940, skin, C, 0, 0.000000, 1, 0, 1, 43, 34, -0.000031, 555242661
4, -0.000000, 5122, 1, 2396df, fairies, !, 0, -32.908497, 0, 1, 0, 223, 3, -0.002789, 24675762
27, -0.000023, 0, 1, e58, wave, #, 0, 0.000001, 0, 1, 0, 1, 3, -0.038063, 205485
267, -0.489112, 2202707, 1, 10, belief, k, 0, -22.407314, 0, 1, 0, 1, 0, 0.002869, 1067816
7, 0.000000, 2, 1, 3, smell, b, 0, 0.046385, 1, 0, 0, 57, 40, -0.088490, 402123592
236, 0.000956, 3634721, 0, 49, slave, &, 0, 0.000000, 1, 0, 1, 4, 3, 0.052479, 2934
720, -0.000614, 3693563, 0, 17, religion, N, 0, -0.052626, 0, 1, 1, 2, 55, -28.435314, 0
0, -0.000009, 1, 0, b47, spade, y, 0, -1.575094, 1, 0, 0, 5, 1, -250.969849, 39
643, 0.055209, 1375563006, 1, 0, throat, Z, 1, -0.000006, 1, 1, 0, 6, 102, 0.124199, 46986
10428, 1.566005, 6, 1, 690de91e, baby, 3, 1, 0.105289, 0, 1, 0, 0, 3, -0.000004, 89
10, -0.006395, 23, 0, 54c87, lace, v, 0, -2.916907, 0, 1, 1, 7, 197, -13.291386, 661509
147, 0.000031, 133, 1, 20a6, team, $, 1, -0.000837, 0, 0, 1, 30, 28, 0.000298, 15
1, -0.910869, 23896990, 0, 8, baseball, N, 1, -0.036735, 0, 1, 0, 2, 1, -10.512745, 1
2424, -0.876505, 4016478, 1, e913ac5, clover, R, 0, -9.813736, 0, 0, 1, 8, 0, -35.109840, 17
21, 0.000017, 168888018, 1, 0, appliance, R, 0, 0.000007, 0, 1, 0, 6, 35, 320.261688, 2078584346
99, 0.068439, 3744930, 1, 411d84, songs, z, 0, 0.000002, 0, 1, 0, 3, 1, -0.019001, 57075406
59727, 1.531189, 17, 0, ca, cake, 1, 1, 0.004462, 1, 1, 0, 1, 14, 0.191631, 24017
30254, 0.000177, 189293777, 1, 2b, chicken, 4, 1, -0.000001, 1, 0, 0, 194, 4, -0.221756, 31477778
884, -0.000000, 2089203, 1, 3e8d, club, ~, 0, -54.976696, 0, 0, 1, 0, 20, -0.000343, 16055
1644, -1.148706, 65, 1, a, weight, ?, 0, -0.000034, 1, 0, 1, 13, 33, -5.462448, 383051
15, -6.469033, 5595046, 1, 6510e81, cemetery, S, 0, 0.000001, 1, 0, 1, 25, 47, -36.753498, 1946056789
2152, -0.000028, 77445, 1, 273e5, hook, w, 1, -0.106338, 0, 1, 1, 0, 1, 175.447052, 1546
230, -29.413786, 88645454, 0, 1a3d2, burn, w, 0, 0.005090, 0, 0, 1, 6, 1, 0.000240, 15672080
200, 0.806492, 2140042058, 0, 320f, deer, 6, 1, 4.217701, 1, 1, 0, 2, 13, -0.001598, 569716
0, -0.000000, 28, 1, 144, badge, H, 0, 17.309114, 1, 0, 0, 6, 3, 0.029457, 667594
1, 0.000000, 8913231, 1, 56e, throat, <, 1, 0.000001, 0, 1, 1, 0, 59, -0.000084, 347266685
42, -0.000000, 30, 0, 173eb5e4, toe, :, 0, -0.000000, 1, 1, 1, 1, 1, 0.000000, 9
1249, 0.000267, 24002, 1, 79652e7, cent, w, 0, -0.000000, 0, 1, 1, 3, 0, 967.805298, 596489
2582, -0.000060, 4, 0, 16ffd, boys, e, 1, -0.000718, 1, 0, 1, 171, 3, -0.000004, 3847
6017, 0.000612, 1318728, 0, 160, jail, q, 1, -0.000006, 1, 1, 0, 30, 21, -79.964470, 93952
7, 0.000002, 23707, 1, 1d8aeb52, bag, b, 0, 0.046385, 1, 0, 1, 57, 40, -0.088490, 0
9, -0.000004, 64788341, 0, 4a04e, decision, K, 0, 0.000000, 1, 1, 1, 4, 1, 0.376942, 3851
1, 0.000008, 1492, 0, 0, mind, J, 1, 0.000000, 1, 1, 1, 0, 0, 0.376942, 709
352, 2.490638, 997293, 0, 17e, snake, ., 1, 0.000061, 0, 1, 1, 22, 1, 0.249702, 1882
572, 0.001231, 18, 1, 3766ba8, map, A, 1, 0.000043, 0, 1, 1, 101, 8, -0.000214, 919
674, -0.000000, 1430, 0, 24d499, business, ., 0, 0.000003, 0, 0, 0, 27, 30, -0.059032, 62808
0, -0.449558, 2033, 1, 8c7d, exchange, <, 1, -0.916538, 1, 0, 0, 0, 15, -700.933655, 559051402
359, -0.000054, 363, 0, 1, father, R, 0, -0.000021, 0, 1, 1, 6, 1, -0.002571, 4363032
1, 0.024898, 3, 0, 1a4c4b, cake, T, 1, 0.000001, 1, 1, 1, 1, 37, -2.457699, 77929
420, -22.693222, 11727, 1, 25966d13, metal, 5, 0, -0.000000, 0, 1, 0, 138, 31, -15.175671, 1
2952, -0.006579, 1105, 0, 522b0, knot, e, 0, -2.077483, 0, 0, 1, 6, 0, 0.000000, 26
6, 0.157661, 78, 1, 56f, eggnog, 3, 0, -0.000000, 0, 0, 0, 84, 5, -2.036129, 264687165
147, -0.000003, 1, 0, 1bcff4, drain, j, 1, -0.017971, 1, 0, 1, 15, 2, -189.001740, 21
2243, -26.831202, 1, 1, 1f, brass, n, 1, 0.002514, 1, 0, 1, 14, 86, 0.089039, 7922
15950, -0.009322, 605520672, 1, 11b7420b, prose, @, 1, -0.000000, 0, 0, 0, 123, 0, 0.029636, 15
52621, -0.000002, 3468, 0, 9851d, fruit, F, 1, -0.000000, 0, 1, 0, 192, 3, -0.000015, 9
9589, -0.000016, 1667795, 1, 4b9ec, protest, :, 0, -12.671578, 0, 0, 1, 3, 15, 0.000034, 1636732
1531, 0.000000, 28922298, 1, 102, border, ], 0, 0.000010, 0, 0, 1, 17, 30, 0.012341, 247240
3022, -0.000010, 877739, 1, 3444bb, team, X, 1, 7.355071, 1, 1, 0, 150, 12, 5.941517, 214229944
52, -28.075068, 36357, 1, 13e8185e, answer, >, 1, 46.548397, 0, 0, 0, 102, 113, 0.003918, 4563297
521, 6.585132, 2723, 1, 780, spot, :, 0, 0.000027, 1, 0, 0, 2, 7, -2274.599121, 934506
0, -0.000007, 4257218, 0, 7b712, game, 0, 0, -51.662483, 1, 1, 0, 1, 87, 3819.908203, 148
7013, 6.567088, 7, 0, c4073, town, m, 1, -0.000263, 0, 1, 0, 15, 3, 12.002510, 368059908
13, 0.000153, 0, 1, 1, frame, 6, 0, 2.440686, 1, 1, 1, 48, 23, 5.478382, 462
77, -0.000000, 89631895, 1, 6, eyes, &, 1, -0.000092, 1, 0, 0, 2, 1, -0.000259, 11
27, -0.000328, 2129, 0, b17f9, hand, x, 0, -0.017359, 1, 0, 0, 1, 1, -3098.556152, 73626161
475, -0.000027, 334512, 0, 6a7580, slip, :, 1, 0.000038, 0, 0, 0, 1, 29, 0.000587, 582057766
27, 0.878966, 2, 1, 7da, transport, {, 0, 0.001716, 1, 1, 1, 4, 56, 1715.356323, 503661
2530, -0.000000, 309059418, 0, 32ac51, dolls, {, 1, 0.029680, 1, 0, 1, 7, 0, -2.217129, 57193761
1210, 0.149692, 72, 0, 1775a46, stove, ?, 1, 0.000112, 1, 1, 1, 1, 0, -0.000294, 10430430
1, -0.000001, 1, 1, 1, zoo, ?, 1, -0.749165, 1, 1, 1, 7, 29, 0.000042, 7303
555, 0.000001, 51, 0, 6b49, feather, %, 1, -0.000000, 1, 1, 1, 7, 90, -0.018669, 6800
7, 0.000002, 800, 1, 447a71, journey, b, 0, 0.000032, 0, 1, 1, 15, 3, -0.006973, 288
2, -12.810419, 378914514, 1, 0, form, d, 0, 0.075019, 0, 0, 0, 2, 92, -106.230881, 1935696049
5264, 0.000008, 85, 0, 31816, bear, Y, 1, 0.000000, 0, 1, 0, 20, 6, -0.000004, 28777
114, -0.000002, 12, 1, 7d20, stage, 6, 0, 0.000068, 1, 1, 1, 86, 0, 0.093258, 11
68, 0.055207, 160580, 0, 1f38bf0, meeting, b, 0, -0.110960, 0, 0, 1, 1, 104, 0.008419, 47503
146, 0.011435, 14, 0, 30, card, w, 0, 0.000204, 1, 1, 1, 3, 1, -21.862823, 1
31, -0.000300, 3, 1, 1dc074, sense, /, 1, 0.000006, 0, 1, 1, 6, 42, 0.002419, 7391556
4, -0.000006, 0, 0, 4ad, existence, ?, 1, -0.000000, 1, 0, 0, 239, 80, -0.000591, 0
3, -0.021257, 24708, 1, 71aef48c, bedroom, d, 1, -15.435184, 0, 1, 0, 1, 4, -18.306061, 1583984
1, -0.000000, 3529, 1, 1ae, skin, ^, 0, -0.000724, 0, 0, 1, 2, 0, -1858.703491, 242163402
105, -0.000000, 339, 0, 78, cart, d, 0, 25.835733, 1, 1, 0, 1, 13, -0.723110, 16271802
24, 0.000014, 686326390, 0, ac, exchange, T, 0, -0.000138, 0, 1, 1, 2, 0, -25.852615, 1883232
29970, -0.000391, 303981045, 0, 1d91, control, >, 1, -0.000001, 1, 0, 0, 42, 1, -0.000031, 2
692, 0.010555, 1528468, 0, 0, mountain, K, 1, 0.000001, 1, 0, 1, 25, 85, -36.753498, 1946056789
15206, 0.000000, 611, 1, 7f2, scarecrow, H, 1, 0.711637, 0, 1, 0, 145, 214, -0.217705, 1111674594
6, 0.000001, 3233586, 1, ac, cloth, }, 1, -0.097300, 0, 1, 1, 14, 73, 157.979431, 156643
1, 0.000000, 14, 1, 1, lunchroom, %, 0, -0.926218, 0, 1, 0, 64, 11, -7.671383, 9
0, 25.371538, 515530939, 0, a, prison, 9, 1, -0.000008, 0, 1, 1, 150, 129, 0.000244, 31
277, -0.213161, 840157, 0, a3, sun, T, 0, 0.000000, 1, 0, 1, 0, 3, -0.601730, 1
420, -1.553772, 700, 1, 26e2abf5, birds, _, 1, -0.000000, 1, 1, 0, 5, 31, -608.398132, 190
3542, 0.000317, 6, 1, 51f6ee4, care, t, 1, 0.000375, 1, 1, 0, 118, 5, 0.018391, 8
4046, -0.000083, 1915358, 0, 39902f, key, a, 0, -0.000000, 1, 0, 0, 12, 19, 2257.725586, 12579465
38, -0.000000, 1079137515, 1, 99293aa, force, M, 1, -0.000001, 0, 0, 0, 76, 15, -0.023098, 3
41, 0.000000, 23, 0, 3210ac6, control, b, 0, -0.000027, 1, 0, 0, 101, 0, -1.600769, 2
2, 0.000000, 1846046, 0, 3d, robin, -, 0, 0.001594, 0, 0, 0, 18, 34, -161.615112, 174094
3461, -0.000021, 0, 1, 1791511, lock, x, 0, -0.000038, 1, 0, 0, 34, 3, 5.918686, 1
749, -17.415232, 83713, 0, 60767e80, soda, N, 1, -0.000059, 1, 1, 0, 15, 1, -38.415974, 39
8901, -0.319629, 831, 1, 8e52ac, rabbits, s, 0, 0.000079, 0, 0, 1, 0, 2, -0.000031, 54
1227, 0.000000, 206, 1, 1c233, cork, 0, 0, 0.004739, 1, 0, 1, 0, 18, -0.000004, 54
275, 0.041011, 471883371, 1, 413fdc, sail, w, 1, 0.000041, 0, 1, 0, 21, 15, -0.012527, 3
4, 0.000096, 4028, 1, 63f3541a, pen, N, 1, -7.856473, 1, 1, 1, 9, 3, 0.000721, 18312861
681, -0.116964, 7, 0, 1926, rifle, m, 1, 0.000488, 0, 1, 1, 15, 12, -0.000004, 517402
3, 0.221243, 20756, 0, a63, recess, f, 1, -0.000204, 0, 1, 0, 107, 9, -0.442074, 205
85, -0.000000, 1, 0, 7f9ae63, flower, $, 0, 0.028934, 0, 0, 1, 1, 48, 37.430500, 25
236, 0.000956, 475275, 1, 3b93d5b2, boys, &, 0, 0.000000, 1, 0, 0, 4, 3, 0.052479, 40281741
16569, 0.000001, 39431, 1, 686e7af2, alley, /, 0, 0.000032, 1, 0, 1, 1, 86, -99.709656, 5
9, -0.238059, 47, 1, 1b8c7, industry, $, 1, 0.000000, 1, 0, 0, 150, 4, 0.429176, 6
0, 0.687370, 42, 0, d4e46c9, existence, M, 0, 0.000000, 1, 0, 1, 1, 1, 644.038574, 996
16, 0.134933, 462841648, 0, 5ca8b, holiday, d, 0, -0.000180, 1, 0, 0, 14, 9, -208.257843, 145745327
14964, -0.000000, 2499400, 1, 2a, dust, L, 1, 12.297873, 1, 0, 1, 0, 3, 0.195866, 41
53103, -0.000012, 11, 1, fc76, hobbies, c, 1, -0.000001, 0, 0, 1, 2, 136, -4.112213, 243
3, -0.000000, 520555, 1, 2d75b, condition, |, 0, -0.000003, 0, 1, 1, 21, 26, 0.000000, 29956153
0, 0.060536, 1, 0, 664a1ff, rock, u, 0, 0.000059, 1, 0, 0, 82, 60, -59.354496, 1611374160
10924, -0.096703, 4, 0, 2, harmony, g, 0, -0.000000, 0, 0, 0, 20, 3, -0.001465, 996
1363, -0.000010, 137310763, 0, 100d9a25, amusement, #, 1, -0.000000, 1, 1, 0, 19, 195, -45.208786, 6760206
1082, 1.160939, 173, 0, 19f70c1, crow, 2, 1, -0.000067, 1, 1, 0, 1, 21, 1505.273438, 495
5, 1.086818, 18, 0, 1f4, cherries, B, 0, 0.000523, 1, 1, 0, 71, 7, 0.006783, 1225
3, -0.002496, 27135, 0, 6, smile, c, 1, -37.716656, 0, 1, 1, 0, 6, 0.127438, 7454613
433, 0.014897, 592971, 1, 23cff7, discussion, K, 0, -0.000000, 1, 0, 1, 125, 1, -0.108021, 1149
52, -28.075068, 329, 1, 13e8185e, measure, 8, 1, 46.548397, 0, 0, 0, 102, 113, 0.003918, 12980
127, 0.000001, 2942, 1, 9, men, H, 0, 0.743862, 0, 0, 0, 39, 2, 0.152977, 16543691
11011, -0.000003, 7, 1, 87f, quarter, ), 1, 0.000001, 1, 1, 0, 22, 1, -0.000576, 117030
12, 0.000000, 3895, 0, 1a2b721, move, n, 1, -0.756910, 1, 1, 0, 1, 106, -3570.772217, 1
61, 1.523094, 83339007, 1, 15, stem, +, 1, -0.000014, 0, 1, 0, 7, 54, -0.004181, 0
14837, -0.005030, 403658, 0, 17d83f, poison, Z, 0, -0.000053, 1, 0, 0, 0, 5, -0.000008, 0
14182, 7.140688, 2, 0, 2d86f, hour, :, 0, -0.170792, 1, 0, 1, 223, 51, -4.621490, 2320
7, 0.000000, 151038928, 1, 1, market, q, 0, -0.000009, 0, 0, 1, 10, 0, -0.012901, 45
0, -0.000000, 164, 0, 1f2c5, roll, y, 1, -0.000006, 0, 0, 1, 5, 3, -44.628613, 1733215695
0, -0.111414, 11568, 1, 1, ray, ., 1, 0.000001, 0, 1, 0, 12, 1, 0.000011, 9772998
11, -0.175803, 117, 1, 696b1, cemetery, E, 0, 0.000045, 1, 1, 0, 25, 95, 455.482391, 1126285
29312, 0.001686, 4047363, 1, 30, month, B, 1, 8.150517, 0, 0, 1, 22, 5, -0.657906, 15557
56029, 1.431831, 1, 1, 133, stamp, g, 0, -0.004959, 1, 1, 0, 122, 0, -132.689926, 29
211, 0.000084, 1267, 0, b6, father, !, 0, -0.000025, 0, 1, 0, 6, 1, -0.002571, 4363032
0, -0.000868, 6730, 1, 84b6, night, ., 0, -1.816767, 0, 1, 0, 1, 2, 0.313988, 238625726
30, -1.553772, 42640897, 1, 26e2abf5, sky, u, 1, -0.000000, 1, 1, 0, 17, 15, -608.398132, 208741287
3797, -0.000036, 1, 1, 7, desk, w, 0, -0.000071, 0, 0, 0, 6, 108, -1816.822021, 3
4568, -0.000000, 5381293, 1, 2c7, whistle, h, 0, -0.000000, 1, 1, 0, 15, 13, 0.000000, 682541
279, 11.236118, 3, 1, 18c, pencil, D, 1, -0.000062, 1, 1, 1, 2, 21, 0.004745, 133
36, -0.012773, 22, 1, 28e8020, pig, w, 1, 0.058902, 1, 0, 0, 0, 18, 56.406906, 35566434
446, 0.000001, 126, 1, e, curve, |, 1, -0.000000, 1, 0, 1, 1, 2, -0.000641, 113500378
4, 0.000027, 3, 0, a, boat, W, 1, 0.017696, 1, 1, 1, 14, 0, -100.151176, 148
263, 0.000000, 9491, 0, 3d, ring, 4, 0, 0.125622, 0, 1, 1, 26, 118, -78.027161, 401453
9, -0.238059, 16717107, 0, da7, industry, e, 1, 0.000000, 1, 0, 0, 150, 10, 0.429176, 32379699
988, -0.000006, 5393, 0, b70787, hook, e, 1, 0.000112, 0, 1, 0, 47, 122, 14.063396, 132872
0, -0.000005, 100, 1, 1b9b27cd, wash, :, 0, -0.000000, 1, 1, 0, 3, 22, 17.429852, 742595322
4837, 0.000003, 5604, 0, 1d74, egg, A, 1, -0.000000, 0, 0, 0, 0, 17, 457.085968, 1
1917, 0.898909, 2146780, 0, f9, legs, T, 1, 0.000000, 0, 1, 0, 11, 62, 1.925190, 111
6, -0.000084, 62822, 0, 622e1, plantation, >, 1, 0.000002, 1, 0, 1, 3, 49, -0.000347, 23929
6, 0.000003, 357219099, 0, 8d2505, smash, /, 1, 0.075019, 0, 0, 0, 7, 48, -106.230881, 8362
58, -0.049633, 125270405, 1, 60669d, order, V, 1, -0.003769, 0, 0, 0, 0, 1, 0.000000, 695
7, -0.391796, 8431552, 1, acf, chair, 9, 0, -0.003260, 1, 1, 1, 255, 2, -0.000126, 1
902, 0.262162, 10, 1, 2534d5, sound, N, 1, -0.000004, 0, 0, 1, 201, 4, 3193.181885, 2006
1, -2.216856, 8, 0, 1f8, request, @, 1, -0.078533, 0, 1, 1, 1, 154, 0.000008, 50
40819, 0.000000, 531011121, 0, 3754, island, ), 1, 0.000005, 0, 1, 0, 0, 58, -0.251343, 217843
442, 0.031192, 22116453, 1, 15, attention, u, 1, 0.000000, 0, 0, 1, 6, 1, 34.912426, 3533638
361, 0.000755, 2279230, 0, 1d4, father, g, 1, -0.000175, 1, 1, 1, 0, 127, 0.000000, 62
15932, -0.000077, 373, 1, 10a, bee, 5, 0, -0.452878, 0, 1, 1, 0, 1, 0.000000, 1564
0, 1.876128, 6730, 1, 71a, silver, ], 0, -1.905279, 0, 0, 1, 22, 2, -4.432472, 418
1045, 2.490638, 1029, 0, 0, sock, n, 1, 0.000061, 1, 1, 1, 11, 1, 0.249702, 1882
881, -0.304532, 234749155, 1, 6e5feb6, zebra, L, 0, -0.000000, 1, 1, 0, 36, 25, 55.001694, 5
372, -0.168735, 0, 0, 421b4d, pipe, {, 1, -0.000001, 0, 1, 0, 0, 10, -254.147537, 279670722
55, -0.594515, 112943, 0, 160, manager, /, 0, -0.000006, 1, 0, 0, 54, 0, -1841.479492, 76933846
9963, -0.030390, 3, 0, 38, yoke, t, 1, 0.001668, 1, 1, 0, 4, 4, -0.000095, 130601732
95, 1.362034, 1, 0, 0, thumb, %, 0, -0.000000, 0, 1, 0, 0, 6, 1.000000, 39648026
4961, -13.535723, 0, 1, 55e705, writing, F, 0, -5.777874, 0, 1, 1, 15, 17, -0.000008, 63233
